Case #1: 5 4 4 9 11 13
Case #2: 4 2 6 8 25
Case #3: -1
Case #4: 4 6 6 10 19
Case #5: 6 1 4 4 6 12 14
Case #6: 6 3 3 3 4 7 21
Case #7: 6 3 6 6 6 6 14
Case #8: 8 1 3 3 5 5 7 7 10
Case #9: 6 2 4 5 5 12 13
Case #10: 5 1 8 8 10 14
Case #11: 5 2 3 4 10 22
Case #12: 8 1 4 4 4 6 7 7 8
Case #13: 6 4 4 4 5 9 15
Case #14: 7 3 3 3 3 5 10 14
Case #15: 6 1 2 4 4 6 24
Case #16: -1
Case #17: -1
Case #18: 12 1 1 1 1 1 1 1 1 1 1 1 30
Case #19: -1
Case #20: 7 1 4 4 4 4 12 12
Case #21: -1
Case #22: 13 1 1 1 1 1 1 1 1 1 1 1 5 25
Case #23: 6 1 1 4 8 13 14
Case #24: 6 1 4 4 9 11 12
Case #25: 9 3 3 3 3 3 4 4 6 12
Case #26: 4 1 1 5 34
Case #27: -1
Case #28: -1
Case #29: 6 1 1 1 3 15 20
Case #30: 6 1 3 5 9 10 13
Case #31: 5 4 6 6 11 14
Case #32: 10 1 1 1 1 1 1 1 1 4 29
Case #33: 11 3 3 3 3 3 3 3 3 3 4 10
Case #34: 7 3 3 3 4 6 7 15
Case #35: 6 1 2 8 8 8 14
Case #36: 5 1 1 2 7 30
Case #37: -1
Case #38: 6 1 4 4 6 13 13
Case #39: -1
Case #40: 7 1 4 4 4 6 11 11
Case #41: 18 1 1 1 1 1 1 1 1 1 1 1 1 1 1 1 1 2 23
Case #42: 24 1 1 1 1 1 1 1 1 1 1 1 1 1 1 1 1 1 1 1 1 1 1 1 18
Case #43: 6 4 4 4 4 5 20
Case #44: 4 4 4 13 20
Case #45: 2 1 40
Case #46: -1
Case #47: 6 1 1 1 6 15 17
Case #48: -1
Case #49: 5 2 7 8 9 15
Case #50: 7 3 3 3 3 9 10 10
Case #51: 6 4 4 6 6 7 14
Case #52: 8 3 3 3 3 3 3 10 13
Case #53: 6 2 3 3 6 13 14
Case #54: 7 4 5 5 5 6 6 10
Case #55: 5 1 1 2 16 21
Case #56: 6 1 4 4 8 10 14
Case #57: 8 1 2 4 4 4 5 10 11
Case #58: 6 3 3 4 10 10 11
Case #59: 8 2 3 4 4 4 6 6 12
Case #60: 7 1 1 1 1 1 4 32
Case #61: 19 1 1 1 1 1 1 1 1 1 1 1 1 1 1 1 1 1 4 20
Case #62: 21 1 1 1 1 1 1 1 1 1 1 1 1 1 1 1 1 1 1 1 1 21
Case #63: 6 1 1 6 9 10 14
Case #64: 7 1 2 4 4 8 8 14
Case #65: 7 3 3 3 3 3 6 20
Case #66: 39 1 1 1 1 1 1 1 1 1 1 1 1 1 1 1 1 1 1 1 1 1 1 1 1 1 1 1 1 1 1 1 1 1 1 1 1 1 1 3
Case #67: 8 3 3 3 3 3 4 10 12
Case #68: 5 1 4 6 9 21
Case #69: -1
Case #70: 8 1 1 1 1 1 1 1 34
Case #71: -1
Case #72: 8 2 4 4 4 4 7 7 9
Case #73: -1
Case #74: 9 3 3 3 3 3 5 5 6 10
Case #75: 5 3 4 10 10 14
Case #76: 5 4 4 4 12 17
Case #77: 4 3 3 7 28
Case #78: 22 1 1 1 1 1 1 1 1 1 1 1 1 1 1 1 1 1 1 1 1 1 20
Case #79: 6 1 1 5 5 14 15
Case #80: -1
Case #81: 6 1 3 3 3 6 25
Case #82: 6 1 4 5 5 6 20
Case #83: 7 1 2 4 4 5 5 20
Case #84: -1
Case #85: 8 1 1 4 5 5 5 10 10
Case #86: 22 1 1 1 1 1 1 1 1 1 1 1 1 1 1 1 1 1 1 1 1 7 14
Case #87: 7 1 1 1 3 5 15 15
Case #88: -1
Case #89: -1
Case #90: 5 1 4 8 8 20
Case #91: 7 2 3 3 3 3 3 24
Case #92: 17 1 1 1 1 1 1 1 1 1 1 1 1 1 1 1 3 23
Case #93: 5 1 6 9 12 13
Case #94: 7 3 3 3 4 7 7 14
Case #95: 8 2 3 4 4 4 4 10 10
Case #96: 8 1 1 1 1 1 1 8 27
Case #97: -1
Case #98: -1
Case #99: 7 1 1 1 1 1 1 35
Case #100: 9 1 4 4 4 4 4 4 4 12
Case #101: -1
Case #102: 7 3 3 3 6 6 10 10
Case #103: 8 3 4 4 4 4 4 4 14
Case #104: 9 3 3 3 3 4 4 5 6 10
Case #105: 6 2 3 5 7 10 14
Case #106: 8 2 3 4 5 5 6 6 10
Case #107: 7 2 3 3 4 4 5 20
Case #108: -1
Case #109: -1
Case #110: 9 2 4 4 4 4 4 4 6 9
Case #111: 6 4 4 4 8 9 12
Case #112: 5 1 4 6 7 23
Case #113: 9 1 1 1 1 1 1 2 15 18
Case #114: 9 1 1 1 1 1 3 9 10 14
Case #115: 7 3 3 3 4 4 4 20
Case #116: 7 3 4 4 4 6 6 14
Case #117: 15 1 1 1 1 1 1 1 1 1 1 1 1 1 4 24
Case #118: 8 2 3 3 3 4 4 10 12
Case #119: 10 1 1 1 1 1 1 1 1 2 31
Case #120: 6 3 3 3 10 11 11
Case #121: 8 1 2 4 4 4 8 8 10
Case #122: 9 1 4 4 4 5 5 5 6 7
Case #123: 6 1 1 3 9 9 18
Case #124: -1
Case #125: 13 1 1 1 1 1 1 1 1 1 1 1 1 29
Case #126: 7 1 1 1 1 1 17 19
Case #127: 7 2 4 4 4 7 8 12
Case #128: -1
Case #129: 7 2 3 4 5 6 7 14
Case #130: -1
Case #131: 7 2 4 4 4 6 7 14
Case #132: 4 1 5 15 20
Case #133: -1
Case #134: 7 2 3 4 4 6 10 12
Case #135: 5 4 4 7 9 17
Case #136: -1
Case #137: 6 2 3 5 7 11 13
Case #138: 6 3 4 4 7 10 13
Case #139: 8 1 1 1 1 1 1 4 31
Case #140: 6 1 1 1 1 12 25
Case #141: 19 1 1 1 1 1 1 1 1 1 1 1 1 1 1 1 1 1 3 21
Case #142: 5 5 5 6 11 14
Case #143: 5 2 5 7 7 20
Case #144: 8 3 4 4 4 4 6 6 10
Case #145: -1
Case #146: 3 9 12 20
Case #147: 7 3 3 3 3 6 11 12
Case #148: -1
Case #149: 7 4 4 4 5 7 8 9
Case #150: 9 3 3 3 3 4 4 4 7 10
Case #151: 29 1 1 1 1 1 1 1 1 1 1 1 1 1 1 1 1 1 1 1 1 1 1 1 1 1 1 1 1 13
Case #152: 8 1 1 1 1 1 6 9 21
Case #153: 7 1 4 5 5 5 7 14
Case #154: 8 3 3 4 4 5 6 6 10
Case #155: 16 1 1 1 1 1 1 1 1 1 1 1 1 1 1 6 21
Case #156: 9 3 3 4 4 4 4 4 5 10
Case #157: 8 3 4 4 5 5 5 5 10
Case #158: 8 1 1 1 1 1 1 2 33
Case #159: -1
Case #160: 7 1 2 4 4 5 6 19
Case #161: 6 2 4 5 5 5 20
Case #162: 5 3 4 11 11 12
Case #163: 6 4 4 4 4 4 21
Case #164: 9 3 3 3 3 3 4 6 6 10
Case #165: 6 1 1 3 3 5 28
Case #166: 8 1 3 3 5 5 5 9 10
Case #167: 6 4 5 6 6 10 10
Case #168: -1
Case #169: 6 3 4 4 6 10 14
Case #170: 6 1 7 7 8 9 9
Case #171: 8 2 4 4 4 5 6 6 10
Case #172: 6 2 6 6 6 7 14
Case #173: 6 3 4 6 6 10 12
Case #174: 5 2 3 4 12 20
Case #175: 7 3 4 4 5 5 10 10
Case #176: 8 1 2 4 4 6 6 6 12
Case #177: 8 3 3 3 3 3 6 10 10
Case #178: 7 1 3 4 6 9 9 9
Case #179: 6 3 4 4 4 6 20
Case #180: -1
Case #181: 7 4 4 5 5 5 9 9
Case #182: 5 1 1 1 1 37
Case #183: -1
Case #184: -1
Case #185: 5 1 5 5 10 20
Case #186: 6 1 3 3 3 9 22
Case #187: -1
Case #188: 8 3 3 3 3 3 4 7 15
Case #189: 4 3 7 9 22
Case #190: 8 2 4 4 5 5 5 6 10
Case #191: 7 3 4 4 6 6 6 12
Case #192: 25 1 1 1 1 1 1 1 1 1 1 1 1 1 1 1 1 1 1 1 1 1 1 1 5 13
Case #193: 7 2 3 5 5 5 6 15
Case #194: 7 4 4 4 4 5 9 11
Case #195: 14 1 1 1 1 1 1 1 1 1 1 1 1 2 27
Case #196: 4 3 6 10 22
Case #197: 5 3 3 4 12 19
Case #198: 5 1 4 4 9 23
Case #199: 4 1 1 3 36
Case #200: 5 3 3 10 12 13
Case #201: 8 3 3 3 4 4 5 5 14
Case #202: 8 3 3 5 5 5 5 5 10
Case #203: 6 1 1 6 9 9 15
Case #204: 7 3 3 3 4 4 9 15
Case #205: 5 1 2 6 10 22
Case #206: -1
Case #207: 6 2 4 5 6 9 15
Case #208: 7 2 4 4 4 5 7 15
Case #209: 6 1 4 4 4 6 22
Case #210: 6 2 4 4 5 6 20
Case #211: 7 3 3 5 6 7 7 10
Case #212: -1
Case #213: 6 1 1 5 7 12 15
Case #214: 6 1 4 6 6 10 14
Case #215: 7 1 1 1 5 7 7 19
Case #216: -1
Case #217: 5 1 1 3 17 19
Case #218: 7 3 3 4 4 5 9 13
Case #219: 6 3 4 4 4 12 14
Case #220: 5 2 3 6 10 20
Case #221: 5 1 6 8 12 14
Case #222: 8 1 1 1 1 4 10 10 13
Case #223: -1
Case #224: 7 4 4 4 5 5 7 12
Case #225: 6 3 3 7 7 10 11
Case #226: 5 4 5 5 5 22
Case #227: 5 4 5 8 9 15
Case #228: 6 4 4 6 9 9 9
Case #229: 7 3 3 3 3 3 12 14
Case #230: 8 3 3 3 4 5 6 7 10
Case #231: 6 1 2 4 6 11 17
Case #232: -1
Case #233: 7 1 4 4 4 5 6 17
Case #234: 7 4 4 4 5 5 5 14
Case #235: 8 4 4 4 4 4 5 6 10
Case #236: 6 2 3 6 6 10 14
Case #237: -1
Case #238: 7 2 3 3 3 3 5 22
Case #239: 7 3 4 4 5 7 9 9
Case #240: 4 1 6 12 22
Case #241: 9 3 3 3 4 4 4 4 6 10
Case #242: 7 3 3 4 4 4 10 13
Case #243: 3 1 18 22
Case #244: 4 4 8 8 21
Case #245: -1
Case #246: 8 3 3 4 4 4 6 7 10
Case #247: 6 2 3 4 4 13 15
Case #248: 25 1 1 1 1 1 1 1 1 1 1 1 1 1 1 1 1 1 1 1 1 1 1 1 1 17
Case #249: 9 3 3 3 3 3 4 5 7 10
Case #250: -1
Case #251: 5 3 3 7 14 14
Case #252: -1
Case #253: 7 4 4 4 4 5 6 14
Case #254: 7 1 2 4 4 4 4 22
Case #255: 7 2 3 3 4 4 12 13
Case #256: 7 4 4 5 5 7 7 9
Case #257: 7 1 4 4 6 6 6 14
Case #258: 9 1 2 4 4 5 5 6 7 7
Case #259: 5 1 1 9 15 15
Case #260: -1
Case #261: 6 2 3 4 4 4 24
Case #262: 7 4 4 4 6 7 7 9
Case #263: 7 1 5 5 5 7 8 10
Case #264: 15 1 1 1 1 1 1 1 1 1 1 1 1 1 2 26
Case #265: -1
Case #266: 7 1 4 4 7 8 8 9
Case #267: 13 1 1 1 1 1 1 1 1 1 1 5 7 19
Case #268: 7 3 3 3 4 6 10 12
Case #269: 27 1 1 1 1 1 1 1 1 1 1 1 1 1 1 1 1 1 1 1 1 1 1 1 1 1 5 11
Case #270: -1
Case #271: -1
Case #272: 6 3 3 5 7 10 13
Case #273: 7 3 4 4 5 5 6 14
Case #274: 5 1 3 6 9 22
Case #275: -1
Case #276: -1
Case #277: 7 1 1 1 1 1 8 28
Case #278: 15 1 1 1 1 1 1 1 1 1 1 1 1 1 8 20
Case #279: -1
Case #280: 9 2 3 3 3 3 5 6 6 10
Case #281: 6 4 4 4 4 12 13
Case #282: 9 1 1 1 1 1 1 1 4 30
Case #283: 9 1 3 3 3 3 3 3 10 12
Case #284: 5 1 4 4 8 24
Case #285: 9 1 3 3 3 3 3 6 9 10
Case #286: 8 2 3 3 4 4 7 9 9
Case #287: 15 1 1 1 1 1 1 1 1 1 1 1 1 1 5 23
Case #288: 6 1 5 5 9 10 11
Case #289: 7 2 3 3 6 6 7 14
Case #290: 7 2 3 4 7 7 9 9
Case #291: 6 3 3 5 6 10 14
Case #292: 11 1 1 1 1 1 1 1 1 1 1 31
Case #293: 10 1 1 1 1 1 1 1 1 3 30
Case #294: 9 3 3 3 3 4 5 5 5 10
Case #295: 20 1 1 1 1 1 1 1 1 1 1 1 1 1 1 1 1 1 1 2 21
Case #296: 9 1 1 1 1 1 3 5 14 14
Case #297: -1
Case #298: 5 3 4 7 13 14
Case #299: 7 3 4 4 5 5 9 11
Case #300: 7 3 3 3 3 3 4 22
Case #301: 5 1 2 8 14 16
Case #302: 6 1 2 7 7 9 15
Case #303: 8 4 4 4 4 4 4 5 12
Case #304: 6 1 1 1 5 5 28
Case #305: -1
Case #306: 5 2 3 5 5 26
Case #307: 5 2 3 4 4 28
Case #308: 8 1 1 1 1 3 5 7 22
Case #309: 11 1 1 1 1 1 1 1 1 3 9 21
Case #310: 6 2 3 3 10 10 13
Case #311: 10 3 3 3 3 3 4 4 4 4 10
Case #312: 25 1 1 1 1 1 1 1 1 1 1 1 1 1 1 1 1 1 1 1 1 1 1 1 3 15
Case #313: 4 1 10 15 15
Case #314: 5 6 6 6 10 13
Case #315: 10 1 2 4 4 4 5 5 5 5 6
Case #316: 16 1 1 1 1 1 1 1 1 1 1 1 1 1 1 5 22
Case #317: 13 1 1 1 1 1 1 1 1 1 1 1 2 28
Case #318: 5 4 4 6 10 17
Case #319: -1
Case #320: 7 1 4 5 6 7 7 11
Case #321: -1
Case #322: -1
Case #323: 6 2 3 4 6 12 14
Case #324: 4 4 4 6 27
Case #325: 8 1 4 4 4 4 6 7 11
Case #326: -1
Case #327: 4 3 4 14 20
Case #328: 6 1 3 3 3 3 28
Case #329: 7 1 1 1 1 3 12 22
Case #330: 7 2 4 4 6 7 9 9
Case #331: 8 1 1 1 5 5 5 9 14
Case #332: 9 1 1 1 1 1 3 9 9 15
Case #333: -1
Case #334: 7 2 3 3 3 5 11 14
Case #335: 5 3 3 6 7 22
Case #336: 7 1 3 3 3 5 6 20
Case #337: 5 5 5 8 8 15
Case #338: 5 4 5 6 11 15
Case #339: 8 1 4 4 4 4 5 6 13
Case #340: 6 3 3 4 5 11 15
Case #341: 7 1 2 6 7 7 9 9
Case #342: 8 3 4 4 4 5 5 6 10
Case #343: 4 7 8 11 15
Case #344: 7 2 3 3 6 6 10 11
Case #345: 5 1 5 7 8 20
Case #346: 8 4 4 4 4 5 5 6 9
Case #347: -1
Case #348: 7 2 4 4 7 7 8 9
Case #349: 6 1 4 4 4 14 14
Case #350: 6 1 1 1 10 14 14
Case #351: 9 1 2 4 4 5 5 5 5 10
Case #352: -1
Case #353: 6 1 3 5 5 5 22
Case #354: -1
Case #355: 7 1 2 4 4 10 10 10
Case #356: -1
Case #357: 5 3 3 4 5 26
Case #358: 19 1 1 1 1 1 1 1 1 1 1 1 1 1 1 1 1 1 2 22
Case #359: 7 1 1 1 1 8 10 19
Case #360: 7 1 4 4 4 4 8 16
Case #361: 8 1 4 4 4 4 4 8 12
Case #362: 6 2 4 4 6 12 13
Case #363: 7 1 2 5 5 7 7 14
Case #364: 5 2 4 5 8 22
Case #365: 11 1 4 4 4 4 4 4 4 4 4 4
Case #366: 6 3 3 3 5 10 17
Case #367: 5 4 5 6 6 20
Case #368: 5 1 1 8 14 17
Case #369: 6 4 4 6 6 10 11
Case #370: 7 1 1 1 2 8 8 20
Case #371: 6 1 2 8 9 9 12
Case #372: 6 1 4 4 4 8 20
Case #373: 6 1 1 1 6 12 20
Case #374: 6 1 1 1 9 9 20
Case #375: 6 1 1 8 8 10 13
Case #376: -1
Case #377: 5 1 6 6 14 14
Case #378: 5 2 3 3 5 28
Case #379: -1
Case #380: 6 3 3 5 5 10 15
Case #381: 6 1 1 2 8 12 17
Case #382: 5 1 4 5 6 25
Case #383: 9 2 3 3 3 3 3 5 5 14
Case #384: 4 4 5 6 26
Case #385: 8 1 3 3 3 3 5 9 14
Case #386: -1
Case #387: 5 3 3 3 14 18
Case #388: 21 1 1 1 1 1 1 1 1 1 1 1 1 1 1 1 1 1 1 1 3 19
Case #389: 6 1 1 1 1 3 34
Case #390: 16 1 1 1 1 1 1 1 1 1 1 1 1 1 1 1 26
Case #391: -1
Case #392: 5 4 4 4 8 21
Case #393: -1
Case #394: 5 4 4 4 11 18
Case #395: 6 1 1 4 7 8 20
Case #396: 8 3 3 3 5 5 6 6 10
Case #397: -1
Case #398: 7 1 2 4 4 6 10 14
Case #399: -1
Case #400: 7 1 2 3 5 6 9 15
Case #401: 7 2 4 4 4 4 11 12
Case #402: 5 3 5 5 6 22
Case #403: 7 2 4 4 4 7 9 11
Case #404: 41 1 1 1 1 1 1 1 1 1 1 1 1 1 1 1 1 1 1 1 1 1 1 1 1 1 1 1 1 1 1 1 1 1 1 1 1 1 1 1 1 1
Case #405: -1
Case #406: 6 1 3 3 5 14 15
Case #407: 7 2 3 3 3 3 13 14
Case #408: -1
Case #409: 10 3 3 3 3 3 4 4 4 5 9
Case #410: 9 3 3 3 3 3 3 4 5 14
Case #411: 9 1 2 4 4 4 4 4 4 14
Case #412: 8 2 3 3 3 4 5 7 14
Case #413: 6 1 2 6 6 12 14
Case #414: 7 3 3 4 5 5 6 15
Case #415: -1
Case #416: 6 2 3 3 3 6 24
Case #417: 10 3 3 3 3 3 3 3 4 6 10
Case #418: 6 1 1 2 6 12 19
Case #419: 6 3 3 4 4 10 17
Case #420: -1
Case #421: 9 1 1 1 1 1 1 3 6 26
Case #422: 6 2 4 4 8 8 15
Case #423: 5 3 3 6 12 17
Case #424: -1
Case #425: 3 1 17 23
Case #426: 6 1 2 4 5 6 23
Case #427: 6 1 5 5 6 10 14
Case #428: 5 1 4 6 6 24
Case #429: 3 8 12 21
Case #430: 6 3 3 3 3 12 17
Case #431: 5 4 4 7 11 15
Case #432: 9 1 4 4 4 4 4 5 5 10
Case #433: 6 1 3 9 9 9 10
Case #434: 7 1 4 4 6 6 10 10
Case #435: -1
Case #436: 7 2 3 3 3 6 10 14
Case #437: 9 2 3 3 3 3 3 3 7 14
Case #438: -1
Case #439: -1
Case #440: 9 2 3 3 3 3 4 5 9 9
Case #441: 5 1 2 6 8 24
Case #442: 8 3 3 3 4 4 6 6 12
Case #443: 28 1 1 1 1 1 1 1 1 1 1 1 1 1 1 1 1 1 1 1 1 1 1 1 1 1 1 1 14
Case #444: 7 1 2 4 4 6 7 17
Case #445: -1
Case #446: 5 5 6 6 10 14
Case #447: 11 2 3 3 3 3 3 3 3 3 3 12
Case #448: 6 3 3 5 5 5 20
Case #449: 5 1 4 5 5 26
Case #450: 7 1 1 1 1 3 6 28
Case #451: 7 3 3 3 4 4 12 12
Case #452: -1
Case #453: -1
Case #454: 5 1 7 8 11 14
Case #455: 6 1 1 4 5 10 20
Case #456: 7 1 1 4 5 5 11 14
Case #457: 8 3 3 3 3 5 7 7 10
Case #458: 7 3 3 3 3 4 12 13
Case #459: 6 3 3 4 4 5 22
Case #460: 6 1 4 4 5 13 14
Case #461: 4 1 1 2 37
Case #462: 9 3 3 3 4 4 4 5 6 9
Case #463: 4 3 6 12 20
Case #464: 9 3 3 3 4 4 4 4 4 12
Case #465: 7 1 4 5 5 6 7 13
Case #466: 16 1 1 1 1 1 1 1 1 1 1 1 1 1 1 4 23
Case #467: 5 3 5 6 13 14
Case #468: 5 1 1 3 12 24
Case #469: 6 4 4 8 8 8 9
Case #470: 7 1 2 4 5 5 10 14
Case #471: 4 3 5 5 28
Case #472: 5 3 4 4 10 20
Case #473: 7 1 4 4 4 7 10 11
Case #474: 6 2 3 4 6 6 20
Case #475: 7 2 3 3 3 10 10 10
Case #476: 8 1 3 3 3 5 5 7 14
Case #477: -1
Case #478: 35 1 1 1 1 1 1 1 1 1 1 1 1 1 1 1 1 1 1 1 1 1 1 1 1 1 1 1 1 1 1 1 1 1 1 7
Case #479: 5 1 3 3 12 22
Case #480: -1
Case #481: 8 2 3 3 3 6 6 6 12
Case #482: 37 1 1 1 1 1 1 1 1 1 1 1 1 1 1 1 1 1 1 1 1 1 1 1 1 1 1 1 1 1 1 1 1 1 1 1 1 5
Case #483: 9 1 1 1 1 3 5 5 10 14
Case #484: 7 1 1 1 5 5 11 17
Case #485: 3 1 3 37
Case #486: 9 1 2 4 4 4 4 6 6 10
Case #487: -1
Case #488: -1
Case #489: 3 1 2 38
Case #490: -1
Case #491: 6 1 2 6 8 12 12
Case #492: 5 1 1 4 6 29
Case #493: 6 3 3 4 6 12 13
Case #494: -1
Case #495: 7 1 2 4 4 7 10 13
Case #496: -1
Case #497: 5 1 3 3 6 28
Case #498: 5 2 5 6 6 22
Case #499: 7 3 3 4 5 6 6 14
Case #500: 5 1 3 4 6 27
Case #501: 6 1 4 6 8 11 11
Case #502: 7 2 3 4 6 6 10 10
Case #503: 9 1 3 3 3 3 4 6 9 9
Case #504: -1
Case #505: -1
Case #506: 7 1 2 4 8 8 8 10
Case #507: -1
Case #508: 25 1 1 1 1 1 1 1 1 1 1 1 1 1 1 1 1 1 1 1 1 1 1 1 7 11
Case #509: 7 3 3 4 7 7 7 10
Case #510: 8 1 2 4 4 4 6 10 10
Case #511: -1
Case #512: 7 1 1 4 5 5 5 20
Case #513: 5 2 4 4 12 19
Case #514: 7 1 1 1 1 1 2 34
Case #515: 7 3 3 3 3 4 11 14
Case #516: 4 1 12 14 14
Case #517: 13 1 1 1 1 1 1 1 1 1 1 7 11 13
Case #518: 7 3 3 3 6 6 6 14
Case #519: -1
Case #520: 6 4 4 4 6 10 13
Case #521: 6 1 2 4 9 12 13
Case #522: -1
Case #523: 9 1 1 1 1 1 1 1 2 32
Case #524: -1
Case #525: 7 3 4 4 6 7 7 10
Case #526: 4 1 12 13 15
Case #527: 5 4 4 5 14 14
Case #528: 5 2 3 10 12 14
Case #529: 7 1 2 4 6 8 10 10
Case #530: 12 1 1 1 1 1 1 1 1 1 1 2 29
Case #531: -1
Case #532: 7 3 3 4 5 6 10 10
Case #533: -1
Case #534: -1
Case #535: 5 3 4 6 14 14
Case #536: 7 3 4 6 6 6 6 10
Case #537: 7 2 3 3 3 5 5 20
Case #538: 5 6 6 6 11 12
Case #539: 8 3 3 3 3 3 3 11 12
Case #540: 8 1 4 4 5 6 7 7 7
Case #541: 10 2 3 3 3 3 3 3 3 4 14
Case #542: 10 1 4 4 4 4 4 4 4 4 8
Case #543: 6 1 1 1 9 12 17
Case #544: 19 1 1 1 1 1 1 1 1 1 1 1 1 1 1 1 1 1 9 15
Case #545: -1
Case #546: 13 1 1 1 1 1 1 1 1 1 1 1 4 26
Case #547: 13 1 1 1 1 1 1 1 1 1 1 1 3 27
Case #548: 10 3 3 3 3 3 3 3 3 7 10
Case #549: 9 1 2 4 4 4 4 5 6 11
Case #550: 13 1 1 1 1 1 1 1 1 1 1 1 9 21
Case #551: 29 1 1 1 1 1 1 1 1 1 1 1 1 1 1 1 1 1 1 1 1 1 1 1 1 1 1 1 7 7
Case #552: 6 1 4 6 6 12 12
Case #553: 6 3 3 3 9 11 12
Case #554: 6 3 4 4 6 9 15
Case #555: 23 1 1 1 1 1 1 1 1 1 1 1 1 1 1 1 1 1 1 1 1 1 3 17
Case #556: 11 1 1 1 1 1 1 1 1 1 2 30
Case #557: 6 1 1 3 6 10 20
Case #558: 8 3 3 3 4 4 7 7 10
Case #559: -1
Case #560: 7 1 1 1 3 6 9 20
Case #561: 5 2 3 3 14 19
Case #562: 6 1 1 1 1 2 35
Case #563: 10 1 2 4 4 4 4 4 4 6 8
Case #564: -1
Case #565: 4 2 3 12 24
Case #566: -1
Case #567: 4 1 7 15 18
Case #568: 18 1 1 1 1 1 1 1 1 1 1 1 1 1 1 1 1 1 24
Case #569: 5 1 4 6 13 17
Case #570: 8 3 4 4 4 4 5 7 10
Case #571: 7 1 4 4 4 5 10 13
Case #572: 10 3 3 3 3 3 3 4 4 5 10
Case #573: 8 1 2 4 6 7 7 7 7
Case #574: 31 1 1 1 1 1 1 1 1 1 1 1 1 1 1 1 1 1 1 1 1 1 1 1 1 1 1 1 1 1 1 11
Case #575: 5 1 4 4 11 21
Case #576: 7 2 4 5 5 5 6 14
Case #577: 5 2 4 5 10 20
Case #578: 4 1 8 12 20
Case #579: 14 1 1 1 1 1 1 1 1 1 1 1 1 9 20
Case #580: 10 3 3 3 3 3 3 3 5 5 10
Case #581: 8 2 3 4 4 6 6 6 10
Case #582: 4 1 1 1 38
Case #583: 7 2 3 3 3 6 9 15
Case #584: 7 3 3 4 4 4 11 12
Case #585: 6 3 3 4 7 10 14
Case #586: 5 3 3 3 10 22
Case #587: 7 1 3 3 5 6 10 13
Case #588: 6 2 4 6 6 11 12
Case #589: 10 1 1 1 1 1 1 2 9 9 15
Case #590: 6 2 4 4 8 11 12
Case #591: 11 1 1 1 1 1 1 1 1 1 4 28
Case #592: -1
Case #593: -1
Case #594: 10 1 1 1 1 1 1 1 1 1 32
Case #595: 5 3 3 3 4 28
Case #596: 8 1 1 1 4 6 7 7 14
Case #597: 34 1 1 1 1 1 1 1 1 1 1 1 1 1 1 1 1 1 1 1 1 1 1 1 1 1 1 1 1 1 1 1 1 1 8
Case #598: 8 1 2 4 5 5 6 7 11
Case #599: 7 2 3 3 5 7 7 14
Case #600: 7 3 3 3 4 7 10 11
Case #601: 6 3 4 4 10 10 10
Case #602: 6 3 3 3 9 10 13
Case #603: 6 4 4 4 6 8 15
Case #604: 9 1 4 4 4 4 4 6 7 7
Case #605: -1
Case #606: 6 1 1 1 2 8 28
Case #607: 32 1 1 1 1 1 1 1 1 1 1 1 1 1 1 1 1 1 1 1 1 1 1 1 1 1 1 1 1 1 1 1 10
Case #608: 5 6 6 8 10 11
Case #609: -1
Case #610: -1
Case #611: -1
Case #612: -1
Case #613: 5 1 4 5 12 19
Case #614: 9 3 3 3 3 3 4 4 4 14
Case #615: 9 3 4 4 4 4 4 4 5 9
Case #616: 7 2 3 5 5 6 6 14
Case #617: 5 1 5 6 7 22
Case #618: 9 3 3 3 3 4 4 5 7 9
Case #619: 7 3 3 3 4 5 10 13
Case #620: 7 1 4 4 6 7 8 11
Case #621: 6 1 1 3 9 13 14
Case #622: 10 2 3 3 3 3 3 4 4 4 12
Case #623: -1
Case #624: -1
Case #625: 6 4 4 4 9 9 11
Case #626: 5 1 1 1 2 36
Case #627: 8 3 3 3 3 4 4 7 14
Case #628: 9 3 3 4 4 4 4 5 5 9
Case #629: 5 1 4 10 12 14
Case #630: 9 3 3 3 3 3 4 4 9 9
Case #631: 6 3 3 3 6 12 14
Case #632: 9 1 1 1 1 1 1 1 3 31
Case #633: -1
Case #634: 6 3 3 6 9 10 10
Case #635: 6 1 3 3 5 9 20
Case #636: 7 2 4 4 5 6 10 10
Case #637: 6 3 3 4 7 9 15
Case #638: 8 3 4 4 4 4 4 6 12
Case #639: -1
Case #640: 8 2 3 3 4 4 5 10 10
Case #641: -1
Case #642: 5 3 5 5 14 14
Case #643: -1
Case #644: -1
Case #645: 6 2 3 4 4 14 14
Case #646: 5 2 6 6 10 17
Case #647: 5 1 6 6 6 22
Case #648: -1
Case #649: 16 1 1 1 1 1 1 1 1 1 1 1 1 1 1 2 25
Case #650: 7 3 3 3 3 6 10 13
Case #651: 8 3 4 4 5 5 5 6 9
Case #652: 8 2 3 4 4 4 4 6 14
Case #653: 8 1 2 4 5 5 5 6 13
Case #654: 8 1 1 1 3 5 5 5 20
Case #655: 17 1 1 1 1 1 1 1 1 1 1 1 1 1 1 1 4 22
Case #656: 7 1 1 3 3 6 10 17
Case #657: -1
Case #658: -1
Case #659: 6 1 1 1 2 12 24
Case #660: 8 4 4 4 5 5 5 5 9
Case #661: 6 1 1 9 9 9 12
Case #662: 6 1 4 4 8 12 12
Case #663: 8 3 4 4 4 4 4 9 9
Case #664: 8 1 3 3 3 3 9 9 10
Case #665: -1
Case #666: 17 1 1 1 1 1 1 1 1 1 1 1 1 1 1 1 2 24
Case #667: -1
Case #668: 8 3 3 3 5 5 5 7 10
Case #669: -1
Case #670: 9 1 2 4 4 4 4 4 8 10
Case #671: 8 1 4 4 4 4 6 8 10
Case #672: -1
Case #673: 8 1 3 3 5 5 5 5 14
Case #674: -1
Case #675: 8 1 4 4 4 4 5 5 14
Case #676: 6 1 1 3 10 12 14
Case #677: -1
Case #678: 9 1 1 1 1 1 1 4 12 19
Case #679: -1
Case #680: -1
Case #681: 9 2 3 3 3 3 4 4 5 14
Case #682: 5 1 1 1 3 35
Case #683: 11 1 1 1 1 1 1 1 1 1 3 29
Case #684: 9 3 3 3 4 4 4 5 5 10
Case #685: 5 1 6 10 10 14
Case #686: 7 1 1 4 8 9 9 9
Case #687: 7 1 3 5 5 6 10 11
Case #688: 5 2 3 4 7 25
Case #689: 7 1 2 4 6 7 8 13
Case #690: 7 3 3 4 5 5 10 11
Case #691: 6 1 2 4 6 14 14
Case #692: 2 2 39
Case #693: 4 3 4 12 22
Case #694: 21 1 1 1 1 1 1 1 1 1 1 1 1 1 1 1 1 1 1 1 9 13
Case #695: 6 1 3 3 9 10 15
Case #696: 7 2 3 4 5 6 10 11
Case #697: 8 2 3 4 4 5 5 9 9
Case #698: 6 2 4 6 6 10 13
Case #699: -1
Case #700: 7 2 4 4 4 4 8 15
Case #701: 5 4 5 7 12 13
Case #702: -1
Case #703: 9 4 4 4 4 4 4 4 5 8
Case #704: -1
Case #705: -1
Case #706: 9 2 3 3 3 4 4 4 4 14
Case #707: 11 1 1 1 1 1 1 1 1 4 12 17
Case #708: 7 1 4 4 4 4 4 20
Case #709: -1
Case #710: 6 1 3 3 10 11 13
Case #711: 7 1 4 4 4 8 8 12
Case #712: 7 2 3 6 6 6 6 12
Case #713: 9 1 2 4 4 4 4 5 7 10
Case #714: 5 1 5 5 9 21
Case #715: 14 1 1 1 1 1 1 1 1 1 1 1 1 1 28
Case #716: -1
Case #717: 3 8 8 25
Case #718: 6 1 4 4 4 12 16
Case #719: 5 1 4 7 7 22
Case #720: 9 1 4 5 5 5 5 5 5 6
Case #721: 11 1 3 3 3 3 3 3 3 3 6 10
Case #722: -1
Case #723: 6 3 6 6 6 10 10
Case #724: 11 1 1 3 3 3 3 3 3 3 3 15
Case #725: 26 1 1 1 1 1 1 1 1 1 1 1 1 1 1 1 1 1 1 1 1 1 1 1 1 1 16
Case #726: 8 1 1 1 1 1 4 8 24
Case #727: 4 4 4 12 21
Case #728: 9 1 1 1 1 1 1 1 1 33
Case #729: 38 1 1 1 1 1 1 1 1 1 1 1 1 1 1 1 1 1 1 1 1 1 1 1 1 1 1 1 1 1 1 1 1 1 1 1 1 1 4
Case #730: 6 4 4 5 7 7 14
Case #731: -1
Case #732: -1
Case #733: 6 4 4 5 6 7 15
Case #734: 7 1 1 1 1 1 3 33
Case #735: 6 1 1 4 6 12 17
Case #736: 6 2 3 3 5 14 14
Case #737: 4 2 5 6 28
Case #738: 5 1 1 8 12 19
Case #739: 7 3 3 4 4 6 10 11
Case #740: 6 5 5 5 6 6 14
Case #741: 7 1 1 1 4 6 11 17
Case #742: -1
Case #743: 6 3 4 6 7 7 14
Case #744: 13 1 1 1 1 1 1 1 1 1 1 3 7 21
Case #745: 7 4 5 5 5 5 5 12
Case #746: 5 2 4 6 7 22
Case #747: -1
Case #748: 8 1 4 4 5 5 5 6 11
Case #749: -1
Case #750: 5 3 3 5 10 20
Case #751: 21 1 1 1 1 1 1 1 1 1 1 1 1 1 1 1 1 1 1 1 5 17
Case #752: -1
Case #753: 8 1 1 3 3 3 3 9 18
Case #754: 7 1 1 1 1 8 12 17
Case #755: 6 2 3 3 3 4 26
Case #756: 6 1 3 3 5 10 19
Case #757: 6 4 4 5 5 11 12
Case #758: 11 1 1 1 1 1 1 1 1 1 8 24
Case #759: 7 1 1 1 1 1 12 24
Case #760: 6 1 2 6 8 10 14
Case #761: 7 4 4 4 4 8 8 9
Case #762: -1
Case #763: -1
Case #764: 6 3 3 3 4 14 14
Case #765: 7 3 3 3 4 4 10 14
Case #766: 5 1 4 6 10 20
Case #767: 5 3 3 3 12 20
Case #768: 9 1 3 3 3 3 6 6 6 10
Case #769: 8 3 4 4 4 5 5 7 9
Case #770: 7 4 4 4 4 7 9 9
Case #771: 7 1 1 1 1 7 9 21
Case #772: 6 3 3 5 10 10 10
Case #773: 36 1 1 1 1 1 1 1 1 1 1 1 1 1 1 1 1 1 1 1 1 1 1 1 1 1 1 1 1 1 1 1 1 1 1 1 6
Case #774: 7 2 3 4 4 4 10 14
Case #775: 8 3 3 3 3 3 5 10 11
Case #776: 3 5 17 19
Case #777: 9 3 3 3 3 3 3 6 7 10
Case #778: 7 1 1 1 4 11 11 12
Case #779: 6 2 4 4 9 11 11
Case #780: 6 4 4 5 6 9 13
Case #781: 6 2 3 3 3 10 20
Case #782: 8 2 3 4 4 5 6 7 10
Case #783: 5 1 5 5 15 15
Case #784: 5 4 4 9 9 15
Case #785: 12 1 1 1 1 1 1 1 1 1 3 14 15
Case #786: 5 1 1 4 11 24
Case #787: -1
Case #788: 7 1 1 1 4 6 7 21
Case #789: 8 3 3 3 4 4 6 9 9
Case #790: 5 2 3 6 6 24
Case #791: -1
Case #792: 7 1 1 3 3 9 10 14
Case #793: 8 1 1 3 3 3 5 5 20
Case #794: 27 1 1 1 1 1 1 1 1 1 1 1 1 1 1 1 1 1 1 1 1 1 1 1 1 1 1 15
Case #795: -1
Case #796: 5 1 1 9 9 21
Case #797: 7 4 4 5 5 6 7 10
Case #798: -1
Case #799: 7 3 3 3 5 6 10 11
Case #800: 6 4 4 7 8 9 9
Case #801: 6 1 1 1 2 16 20
Case #802: 5 2 4 8 9 18
Case #803: 9 2 3 4 4 4 4 4 6 10
Case #804: 5 3 3 6 10 19
Case #805: 8 1 2 4 4 4 6 7 13
Case #806: -1
Case #807: 9 2 3 3 3 4 4 6 6 10
Case #808: 5 4 4 5 9 19
Case #809: 19 1 1 1 1 1 1 1 1 1 1 1 1 1 1 1 1 1 1 23
Case #810: -1
Case #811: 15 1 1 1 1 1 1 1 1 1 1 1 1 1 3 25
Case #812: 5 4 4 5 6 22
Case #813: 6 1 6 6 7 7 14
Case #814: 6 3 3 6 6 10 13
Case #815: 5 4 4 4 4 25
Case #816: 9 3 4 4 4 4 4 4 4 10
Case #817: 7 2 4 4 4 6 10 11
Case #818: 10 1 2 4 4 4 4 4 5 6 7
Case #819: 5 1 1 1 19 19
Case #820: 5 2 4 4 15 16
Case #821: -1
Case #822: 6 1 1 1 1 1 36
Case #823: 8 1 2 4 4 4 4 8 14
Case #824: -1
Case #825: 5 4 6 7 9 15
Case #826: 7 3 4 4 4 6 10 10
Case #827: -1
Case #828: 9 1 1 1 4 6 7 7 7 7
Case #829: 9 1 3 3 3 5 5 5 6 10
Case #830: 7 2 3 3 3 4 6 20
Case #831: 6 1 4 4 6 7 19
Case #832: 4 1 4 11 25
Case #833: 23 1 1 1 1 1 1 1 1 1 1 1 1 1 1 1 1 1 1 1 1 1 7 13
Case #834: 6 1 3 3 3 5 26
Case #835: -1
Case #836: 6 1 3 3 6 6 22
Case #837: -1
Case #838: 7 1 1 2 5 5 13 14
Case #839: -1
Case #840: 7 3 4 4 4 5 7 14
Case #841: 6 1 3 3 7 10 17
Case #842: 6 1 1 1 2 17 19
Case #843: 7 4 4 4 4 5 10 10
Case #844: 7 2 4 4 5 6 6 14
Case #845: 6 4 4 4 5 10 14
Case #846: 5 4 4 5 8 20
Case #847: 8 3 3 4 5 5 5 6 10
Case #848: 5 4 6 6 12 13
Case #849: 7 3 4 4 4 5 10 11
Case #850: 6 3 4 4 6 12 12
Case #851: 7 3 4 5 5 5 5 14
Case #852: 8 2 3 3 3 3 4 11 12
Case #853: -1
Case #854: 6 1 1 3 3 3 30
Case #855: 11 1 2 4 4 4 4 4 4 4 4 6
Case #856: 9 1 1 1 1 1 1 3 10 22
Case #857: 8 3 3 3 4 6 6 6 10
Case #858: -1
Case #859: -1
Case #860: -1
Case #861: 8 2 4 4 4 5 5 5 12
Case #862: 4 1 6 6 28
Case #863: -1
Case #864: 5 1 1 9 10 20
Case #865: 8 1 1 1 1 1 3 7 26
Case #866: 8 1 4 4 4 4 7 7 10
Case #867: 8 4 4 4 4 4 4 8 9
Case #868: 6 2 4 5 6 10 14
Case #869: 6 3 3 6 6 11 12
Case #870: 6 3 4 5 5 10 14
Case #871: 7 3 3 5 5 5 6 14
Case #872: 9 1 1 3 3 3 3 3 9 15
Case #873: 6 1 1 7 9 9 14
Case #874: 4 1 10 10 20
Case #875: 7 1 1 3 3 3 15 15
Case #876: 7 1 3 3 3 7 10 14
Case #877: 6 1 4 7 7 8 14
Case #878: 10 1 4 4 4 4 4 4 5 5 6
Case #879: -1
Case #880: 6 2 3 3 10 11 12
Case #881: 8 3 3 3 3 5 5 9 10
Case #882: 6 3 5 6 6 10 11
Case #883: 7 1 1 1 2 7 7 22
Case #884: 5 3 3 10 11 14
Case #885: 33 1 1 1 1 1 1 1 1 1 1 1 1 1 1 1 1 1 1 1 1 1 1 1 1 1 1 1 1 1 1 1 1 9
Case #886: 3 11 13 17
Case #887: -1
Case #888: 8 1 1 3 3 5 5 10 13
Case #889: 7 3 3 4 4 9 9 9
Case #890: -1
Case #891: 21 1 1 1 1 1 1 1 1 1 1 1 1 1 1 1 1 1 1 1 11 11
Case #892: -1
Case #893: 9 3 3 3 4 4 5 5 5 9
Case #894: 8 3 3 3 3 4 4 10 11
Case #895: 4 3 5 7 26
Case #896: 5 1 2 6 12 20
Case #897: 5 3 3 4 6 25
Case #898: 7 1 1 4 6 7 11 11
Case #899: 5 1 4 7 8 21
Case #900: 8 4 4 4 4 4 5 7 9
Case #901: 5 4 5 5 12 15
Case #902: 6 2 3 6 6 12 12
Case #903: 6 2 3 5 6 11 14
Case #904: 6 1 1 1 7 9 22
Case #905: 11 1 1 1 1 1 1 1 1 9 9 15
Case #906: 6 2 3 3 4 12 17
Case #907: 20 1 1 1 1 1 1 1 1 1 1 1 1 1 1 1 1 1 1 1 22
Case #908: 6 4 5 5 6 7 14
Case #909: 6 4 4 4 7 7 15
Case #910: 6 4 4 4 6 11 12
Case #911: -1
Case #912: 7 1 3 3 5 5 10 14
Case #913: -1
Case #914: 5 1 8 8 9 15
Case #915: 12 1 1 1 1 1 1 1 1 1 1 3 28
Case #916: 8 3 3 4 4 5 5 7 10
Case #917: 8 2 4 4 4 4 6 7 10
Case #918: 4 2 3 14 22
Case #919: 7 2 3 3 3 4 11 15
Case #920: 8 1 1 1 1 2 8 10 17
Case #921: 6 3 5 6 6 7 14
Case #922: -1
Case #923: 6 1 1 3 3 10 23
Case #924: 7 4 4 4 4 4 9 12
Case #925: 5 3 6 6 6 20
Case #926: 6 1 1 5 9 10 15
Case #927: 6 1 1 3 7 14 15
Case #928: 19 1 1 1 1 1 1 1 1 1 1 1 1 1 1 1 1 1 7 17
Case #929: 40 1 1 1 1 1 1 1 1 1 1 1 1 1 1 1 1 1 1 1 1 1 1 1 1 1 1 1 1 1 1 1 1 1 1 1 1 1 1 1 2
Case #930: -1
Case #931: 6 1 4 8 8 8 12
Case #932: 6 3 3 5 9 10 11
Case #933: -1
Case #934: 8 2 3 3 3 4 6 10 10
Case #935: 8 2 3 3 3 5 5 10 10
Case #936: 19 1 1 1 1 1 1 1 1 1 1 1 1 1 1 1 1 1 5 19
Case #937: 6 4 4 6 7 9 11
Case #938: 17 1 1 1 1 1 1 1 1 1 1 1 1 1 1 1 1 25
Case #939: 5 3 4 6 6 22
Case #940: 6 1 3 3 5 7 22
Case #941: -1
Case #942: 6 1 1 6 6 13 14
Case #943: 7 1 2 4 4 6 11 13
Case #944: 7 3 4 4 4 4 10 12
Case #945: 8 1 4 4 4 6 6 6 10
Case #946: 6 1 1 2 5 10 22
Case #947: -1
Case #948: 8 1 4 4 4 4 4 4 16
Case #949: -1
Case #950: 8 2 3 3 3 3 5 7 15
Case #951: 7 1 4 5 5 6 10 10
Case #952: 6 3 4 4 5 11 14
Case #953: 5 3 3 4 4 27
Case #954: 6 2 6 6 6 10 11
Case #955: 8 3 3 3 3 4 5 5 15
Case #956: 15 1 1 1 1 1 1 1 1 1 1 1 1 1 1 27
Case #957: -1
Case #958: 6 3 3 3 4 6 22
Case #959: 6 4 4 4 7 9 13
Case #960: 9 4 4 4 4 4 4 4 4 9
Case #961: -1
Case #962: 8 3 3 4 4 5 6 7 9
Case #963: 7 1 1 1 1 1 16 20
Case #964: 6 1 4 4 4 4 24
Case #965: 17 1 1 1 1 1 1 1 1 1 1 1 1 1 1 3 9 15
Case #966: 6 1 2 5 5 6 22
Case #967: 5 1 4 6 11 19
Case #968: -1
Case #969: 10 1 3 3 3 3 3 3 3 9 10
Case #970: 4 5 6 10 20
Case #971: 8 1 1 3 3 3 7 9 14
Case #972: 23 1 1 1 1 1 1 1 1 1 1 1 1 1 1 1 1 1 1 1 1 1 1 19
Case #973: 6 3 3 3 3 10 19
Case #974: 10 1 2 4 4 4 4 4 4 4 10
Case #975: 7 4 4 5 5 6 8 9
Case #976: -1
